-649
-63
-37
-29
-56
-102
-124
-94
-32
6
-21
-106
-185
-187
-100
9
47
-32
-176
-271
-231
-79
64
73
-73
-269
-351
-243
-23
128
75
-158
-386
-416
-207
77
198
34
-299
-529
-448
-98
239
265
-76
-529
-706
-419
136
502
321
-329
-946
-964
-249
704
1076
358
-1122
-2247
-1764
824
4757
8308
9734
8308
4757
824
-1764
-2247
-1122
358
1076
704
-249
-964
-946
-329
321
502
136
-419
-706
-529
-76
265
239
-98
-448
-529
-299
34
198
77
-207
-416
-386
-158
75
128
-23
-243
-351
-269
-73
73
64
-79
-231
-271
-176
-32
47
9
-100
-187
-185
-106
-21
6
-32
-94
-124
-102
-56
-29
-37
-63
-649
