0
113784
198033
273805
344527
411702
476167
538453
598925
657848
715423
771805
827121
881474
934949
987618
1039543
1090777
1141367
1191352
1240770
1289653
1338029
1385924
1433362
1480364
1526950
1573138
1618943
1664381
1709467
1754212
1798630
1842731
1886526
1930025
1973237
2016170
2058834
2101234
2143380
2185277
2226933
2268352
2309542
2350508
2391254
2431787
2472111
2512230
2552149
2591872
2631403
2670746
2709905
2748883
2787683
2826310
2864765
2903053
2941175
2979136
3016936
3054581
3092070
3129408
3166597
3203638
3240534
3277287
3313900
3350373
3386710
3422912
3458981
3494919
3530726
3566406
3601960
3637389
3672695
3707880
3742944
3777889
3812717
3847429
3882027
3916510
3950882
3985143
4019294
4053337
4087272
4121101
4154824
4188444
4221960
4255374
4288687
4321900
4355013
4388029
4420946
4453768
4486493
4519124
4551661
4584105
4616457
4648717
4680886
4712965
4744955
4776856
4808669
4840395
4872035
4903589
4935058
4966442
4997743
5028960
5060095
5091147
5122118
5153009
5183819
5214549
5245200
5275773
5306267
5336684
5367024
5397287
5427475
5457586
5487623
5517585
5547473
5577288
5607029
5636697
5666294
5695818
5725271
5754653
5783964
5813205
5842376
5871478
5900511
5929476
5958372
5987200
6015961
6044654
6073281
6101842
6130336
6158765
6187128
6215426
6243660
6271829
6299934
6327976
6355954
6383869
6411721
6439511
6467238
6494904
6522508
6550050
6577532
6604953
6632313
6659613
6686854
6714034
6741155
6768217
6795221
6822165
6849051
6875879
6902649
6929362
6956017
6982615
7009156
7035641
7062068
7088440
7114756
7141016
7167220
7193369
7219463
7245502
7271486
7297416
7323291
7349112
7374880
7400594
7426254
7451861
7477415
7502916
7528364
7553760
7579103
7604395
7629634
7654821
7679957
7705041
7730075
7755057
7779988
7804868
7829698
7854477
7879206
7903885
7928514
7953094
7977624
8002104
8026535
8050917
8075249
8099533
8123769
8147956
8172094
8196184
8220226
8244220
8268167
8292065
8315916
8339720
8363477
8387186
8410848
8434464
8458032
8481555
8505030
8528460
8551843
8575180
8598471
8621717
8644917
8668071
8691179
8714243
8737261
8760234
8783162
8806045
8828884
8851677
8874427
8897132
8919792
8942409
8964981
8987510
9009994
9032435
9054832
9077186
9099496
9121763
9143987
9166168
9188305
9210400
9232452
9254461
9276428
9298352
9320234
9342073
9363870
9385625
9407338
9429009
9450639
9472226
9493772
9515276
9536739
9558161
9579541
9600880
9622178
9643434
9664650
9685825
9706959
9728053
9749106
9770118
9791090
9812022
9832913
9853764
9874575
9895346
9916077
9936769
9957420
9978032
9998604
10019136
10039629
10060083
10080497
10100872
10121208
10141505
10161763
10181981
10202161
10222302
10242404
10262468
10282493
10302480
10322428
10342337
10362209
10382042
10401836
10421593
10441312
10460993
10480635
10500240
10519807
10539337
10558829
10578283
10597699
10617079
10636420
10655725
10674992
10694222
10713415
10732570
10751689
10770770
10789815
10808823
10827794
10846729
10865626
10884487
10903312
10922100
10940851
10959566
10978245
10996888
11015494
11034064
11052598
11071096
11089558
11107984
11126374
11144728
11163047
11181329
11199576
11217788
11235964
11254104
11272209
11290278
11308312
11326311
11344274
11362203
11380096
11397954
11415776
11433564
11451317
11469035
11486718
11504366
11521979
11539558
11557102
11574611
11592086
11609526
11626932
11644303
11661640
11678942
11696210
11713444
11730643
11747809
11764940
11782037
11799100
11816129
11833124
11850085
11867013
11883906
11900765
11917591
11934383
11951142
11967866
11984558
12001215
12017839
12034430
12050987
12067511
12084001
12100458
12116882
12133273
12149630
12165954
12182245
12198503
12214728
12230920
12247079
12263205
12279298
12295358
12311386
12327381
12343343
12359272
12375168
12391032
12406863
12422662
12438428
12454162
12469863
12485532
12501168
12516772
12532344
12547884
12563391
12578866
12594308
12609719
12625097
12640444
12655758
12671041
12686291
12701509
12716696
12731850
12746973
12762064
12777123
12792150
12807146
12822110
12837042
12851942
12866811
12881649
12896455
12911229
12925972
12940683
12955363
12970012
12984629
12999215
13013769
13028292
13042784
13057245
13071675
13086073
13100441
13114777
13129082
13143356
13157599
13171811
13185992
13200143
13214262
13228350
13242408
13256434
13270430
13284395
13298330
13312234
13326107
13339949
13353761
13367542
13381292
13395012
13408701
13422360
13435989
13449587
13463154
13476691
13490198
13503674
13517120
13530536
13543921
13557276
13570601
13583896
13597161
13610395
13623599
13636773
13649917
13663031
13676115
13689169
13702193
13715187
13728151
13741085
13753989
13766864
13779708
13792523
13805307
13818062
13830788
13843483
13856149
13868785
13881391
13893968
13906515
13919033
13931520
13943979
13956408
13968807
13981176
13993517
14005828
14018109
14030361
14042583
14054776
14066940
14079075
14091180
14103256
14115302
14127319
14139307
14151266
14163196
14175096
14186968
14198810
14210623
14222407
14234161
14245887
14257584
14269252
14280890
14292500
14304081
14315633
14327155
14338649
14350114
14361551
14372958
14384336
14395686
14407007
14418299
14429562
14440797
14452003
14463180
14474328
14485448
14496539
14507602
14518635
14529641
14540617
14551565
14562485
14573376
14584238
14595072
14605877
14616654
14627403
14638123
14648815
14659478
14670113
14680719
14691297
14701847
14712369
14722862
14733326
14743763
14754171
14764551
14774903
14785227
14795522
14805789
14816028
14826239
14836422
14846577
14856703
14866802
14876872
14886914
14896929
14906915
14916873
14926803
14936705
14946580
14956426
14966244
14976035
14985797
14995532
15005238
15014917
15024568
15034191
15043786
15053354
15062893
15072405
15081889
15091345
15100774
15110175
15119548
15128893
15138211
15147501
15156763
15165998
15175205
15184384
15193536
15202660
15211756
15220825
15229867
15238880
15247867
15256825
15265757
15274660
15283537
15292385
15301207
15310000
15318767
15327506
15336217
15344901
15353558
15362187
15370789
15379364
15387911
15396431
15404924
15413389
15421827
15430238
15438621
15446977
15455306
15463608
15471882
15480129
15488349
15496542
15504707
15512846
15520957
15529041
15537098
15545128
15553130
15561106
15569054
15576975
15584870
15592737
15600577
15608390
15616176
15623935
15631667
15639372
15647050
15654701
15662325
15669922
15677492
15685035
15692551
15700040
15707503
15714938
15722347
15729728
15737083
15744411
15751712
15758986
15766233
15773454
15780647
15787814
15794954
15802067
15809154
15816213
15823246
15830252
15837232
15844184
15851110
15858009
15864882
15871727
15878546
15885339
15892104
15898843
15905556
15912241
15918900
15925533
15932138
15938717
15945270
15951796
15958295
15964768
15971214
15977633
15984026
15990393
15996733
16003046
16009333
16015593
16021827
16028034
16034215
16040369
16046497
16052598
16058673
16064721
16070743
16076738
16082707
16088650
16094566
16100456
16106319
16112156
16117966
16123750
16129508
16135239
16140944
16146623
16152275
16157901
16163501
16169074
16174621
16180141
16185635
16191103
16196545
16201960
16207349
16212712
16218049
16223359
16228643
16233900
16239132
16244337
16249516
16254669
16259795
16264896
16269970
16275017
16280039
16285035
16290004
16294947
16299864
16304755
16309619
16314458
16319270
16324056
16328816
16333550
16338258
16342939
16347595
16352224
16356827
16361404
16365955
16370480
16374979
16379452
16383899
16388319
16392714
16397082
16401425
16405741
16410032
16414296
16418534
16422746
16426933
16431093
16435227
16439335
16443417
16447473
16451504
16455508
16459486
16463438
16467364
16471265
16475139
16478987
16482810
16486606
16490377
16494121
16497840
16501532
16505199
16508840
16512455
16516044
16519607
16523144
16526655
16530140
16533600
16537033
16540441
16543822
16547178
16550508
16553812
16557091
16560343
16563569
16566770
16569945
16573094
16576217
16579314
16582385
16585431
16588450
16591444
16594412
16597355
16600271
16603161
16606026
16608865
16611678
16614466
16617227
16619963
16622673
16625357
16628015
16630648
16633255
16635836
16638391
16640920
16643424
16645902
16648354
16650780
16653181
16655556
16657905
16660228
16662526
16664797
16667044
16669264
16671458
16673627
16675770
16677888
16679980
16682046
16684086
16686100
16688089
16690052
16691989
16693901
16695787
16697647
16699482
16701290
16703074
16704831
16706563
16708269
16709949
16711603
16713232
16714836
16716413
16717965
16719491
16720992
16722466
16723915
16725339
16726737
16728109
16729455
16730776
16732071
16733340
16734584
16735802
16736995
16738161
16739302
16740418
16741508
16742572
16743610
16744623
16745610
16746572
16747507
16748418
16749302
16750161
16750994
16751802
16752584
16753340
16754071
16754776
16755455
16756109
16756737
16757339
16757916
16758467
16758993
16759492
16759967
16760415
16760838
16761236
16761607
16761953
16762274
16762569
16762838
16763081
16763299
16763491
16763658
16763799
16763914
16764004
16764068
16764107
