0
524544
741817
908537
1049088
1172916
1284866
1387813
1483635
1573632
1658754
1739716
1817074
1891271
1962665
2031551
2098177
2162751
2225452
2286435
2345833
2403763
2460330
2515625
2569731
2622721
2674661
2725611
2775627
2824757
2873047
2920538
2967270
3013277
3058592
3103245
3147265
3190678
3233507
3275777
3317509
3358721
3399435
3439666
3479432
3518749
3557632
3596094
3634149
3671809
3709087
3745995
3782542
3818739
3854597
3890124
3925329
3960222
3994809
4029100
4063102
4096821
4130265
4163440
4196353
4229010
4261417
4293579
4325502
4357191
4388651
4419888
4450905
4481707
4512299
4542686
4572870
4602856
4632649
4662250
4691666
4720897
4749949
4778825
4807527
4836058
4864422
4892622
4920660
4948540
4976263
5003832
5031251
5058521
5085644
5112624
5139462
5166161
5192722
5219148
5245442
5271604
5297636
5323542
5349322
5374978
5400513
5425927
5451223
5476402
5501466
5526416
5551254
5575981
5600599
5625109
5649513
5673813
5698008
5722101
5746093
5769986
5793780
5817476
5841077
5864582
5887994
5911312
5934540
5957676
5980724
6003682
6026554
6049338
6072038
6094652
6117183
6139632
6161999
6184284
6206490
6228617
6250665
6272636
6294530
6316348
6338091
6359760
6381355
6402877
6424328
6445707
6467015
6488253
6509422
6530522
6551554
6572519
6593418
6614250
6635017
6655719
6676357
6696931
6717443
6737892
6758279
6778604
6798869
6819074
6839219
6859305
6879332
6899301
6919213
6939067
6958865
6978606
6998292
7017923
7037498
7057020
7076488
7095902
7115263
7134572
7153829
7173033
7192187
7211290
7230342
7249344
7268297
7287200
7306055
7324861
7343618
7362328
7380991
7399606
7418175
7436697
7455173
7473604
7491989
7510329
7528625
7546876
7565083
7583247
7601367
7619444
7637478
7655470
7673419
7691327
7709193
7727018
7744802
7762545
7780247
7797909
7815532
7833115
7850658
7868162
7885628
7903055
7920443
7937793
7955106
7972381
7989619
8006819
8023983
8041110
8058200
8075255
8092273
8109256
8126203
8143115
8159992
8176834
8193642
8210415
8227154
8243859
8260530
8277167
8293771
8310342
8326880
8343386
8359858
8376298
8392707
8409083
8425427
8441739
8458020
8474270
8490489
8506677
8522834
8538960
8555056
8571122
8587158
8603164
8619140
8635087
8651004
8666892
8682751
8698581
8714382
8730155
8745899
8761615
8777303
8792962
8808594
8824199
8839775
8855325
8870847
8886342
8901810
8917251
8932665
8948053
8963414
8978750
8994059
9009342
9024599
9039830
9055036
9070216
9085371
9100501
9115606
9130685
9145740
9160770
9175775
9190756
9205713
9220645
9235553
9250437
9265297
9280133
9294946
9309735
9324501
9339243
9353962
9368658
9383331
9397981
9412608
9427213
9441795
9456354
9470891
9485406
9499899
9514369
9528818
9543244
9557649
9572033
9586394
9600734
9615053
9629351
9643627
9657882
9672116
9686330
9700522
9714694
9728845
9742975
9757085
9771175
9785244
9799294
9813323
9827332
9841321
9855290
9869239
9883169
9897079
9910970
9924841
9938693
9952526
9966339
9980133
9993908
10007665
10021402
10035121
10048820
10062502
10076164
10089808
10103434
10117041
10130630
10144201
10157754
10171289
10184805
10198304
10211785
10225248
10238693
10252121
10265532
10278924
10292300
10305658
10318998
10332322
10345628
10358917
10372189
10385444
10398683
10411904
10425109
10438297
10451468
10464623
10477761
10490883
10503989
10517078
10530150
10543207
10556248
10569272
10582280
10595273
10608249
10621210
10634154
10647084
10659997
10672895
10685777
10698644
10711495
10724331
10737151
10749956
10762746
10775521
10788281
10801025
10813755
10826469
10839169
10851854
10864524
10877179
10889820
10902446
10915057
10927654
10940236
10952804
10965357
10977896
10990421
11002931
11015427
11027909
11040377
11052831
11065271
11077697
11090109
11102507
11114891
11127262
11139619
11151962
11164291
11176607
11188909
11201198
11213473
11225735
11237984
11250219
11262441
11274649
11286845
11299027
11311196
11323352
11335495
11347625
11359742
11371846
11383938
11396016
11408082
11420135
11432175
11444202
11456217
11468220
11480209
11492187
11504151
11516104
11528044
11539971
11551887
11563790
11575681
11587559
11599426
11611280
11623122
11634952
11646770
11658577
11670371
11682153
11693923
11705682
11717429
11729164
11740887
11752599
11764299
11775987
11787664
11799329
11810983
11822625
11834256
11845875
11857483
11869079
11880665
11892239
11903801
11915353
11926893
11938422
11949940
11961447
11972943
11984428
11995902
12007365
12018817
12030258
12041688
12053107
12064516
12075913
12087300
12098677
12110042
12121397
12132741
12144075
12155398
12166711
12178013
12189305
12200586
12211857
12223117
12234367
12245607
12256836
12268055
12279264
12290462
12301651
12312829
12323997
12335155
12346303
12357441
12368569
12379687
12390794
12401892
12412980
12424058
12435127
12446185
12457234
12468272
12479301
12490321
12501330
12512330
12523320
12534301
12545272
12556233
12567185
12578127
12589060
12599983
12610897
12621801
12632696
12643582
12654458
12665325
12676182
12687031
12697870
12708699
12719520
12730331
12741133
12751926
12762710
12773485
12784251
12795007
12805755
12816493
12827223
12837944
12848655
12859358
12870052
12880737
12891413
12902080
12912739
12923388
12934029
12944662
12955285
12965900
12976506
12987103
12997692
13008272
13018844
13029407
13039961
13050507
13061044
13071573
13082093
13092605
13103109
13113604
13124091
13134569
13145039
13155501
13165954
13176399
13186836
13197264
13207684
13218096
13228500
13238896
13249283
13259663
13270034
13280397
13290752
13301099
13311438
13321769
13332092
13342407
13352714
13363013
13373304
13383588
13393863
13404130
13414390
13424642
13434886
13445122
13455350
13465571
13475783
13485988
13496186
13506375
13516557
13526732
13536898
13547057
13557209
13567353
13577489
13587618
13597739
13607852
13617958
13628057
13638148
13648232
13658308
13668377
13678438
13688492
13698539
13708578
13718610
13728634
13738652
13748662
13758664
13768660
13778648
13788629
13798602
13808569
13818528
13828480
13838425
13848363
13858294
13868217
13878134
13888043
13897946
13907841
13917729
13927610
13937485
13947352
13957212
13967066
13976912
13986751
13996584
14006409
14016228
14026040
14035845
14045643
14055434
14065219
14074997
14084768
14094532
14104289
14114040
14123784
14133521
14143251
14152975
14162692
14172403
14182106
14191804
14201494
14211178
14220855
14230526
14240190
14249848
14259499
14269144
14278782
14288413
14298038
14307657
14317269
14326875
14336474
14346067
14355653
14365233
14374807
14384374
14393935
14403490
14413038
14422580
14432115
14441645
14451168
14460684
14470195
14479699
14489197
14498689
14508175
14517654
14527127
14536594
14546055
14555510
14564958
14574401
14583837
14593267
14602691
14612109
14621521
14630927
14640327
14649721
14659109
14668491
14677867
14687236
14696600
14705958
14715310
14724656
14733996
14743330
14752659
14761981
14771298
14780608
14789913
14799212
14808505
14817792
14827074
14836349
14845619
14854883
14864141
14873394
14882641
14891882
14901117
14910346
14919570
14928788
14938001
14947208
14956409
14965604
14974794
14983978
14993157
15002330
15011497
15020659
15029815
15038965
15048110
15057250
15066384
15075512
15084635
15093752
15102864
15111971
15121071
15130167
15139257
15148341
15157420
15166494
15175562
15184625
15193682
15202734
15211781
15220822
15229858
15238888
15247913
15256933
15265947
15274956
15283960
15292959
15301952
15310940
15319923
15328900
15337872
15346839
15355801
15364757
15373708
15382654
15391595
15400531
15409461
15418386
15427306
15436221
15445131
15454036
15462935
15471830
15480719
15489603
15498482
15507356
15516225
15525089
15533948
15542802
15551651
15560494
15569333
15578167
15586995
15595819
15604638
15613451
15622260
15631064
15639863
15648656
15657445
15666229
15675008
15683783
15692552
15701316
15710076
15718830
15727580
15736325
15745065
15753800
15762530
15771256
15779976
15788692
15797403
15806109
15814811
15823507
15832199
15840886
15849568
15858246
15866919
15875587
15884250
15892909
15901563
15910212
15918857
15927496
15936131
15944762
15953388
15962009
15970625
15979237
15987844
15996447
16005045
16013638
16022227
16030811
16039390
16047965
16056536
16065101
16073663
16082219
16090771
16099319
16107862
16116400
16124934
16133464
16141989
16150509
16159025
16167537
16176044
16184546
16193044
16201538
16210027
16218512
16226992
16235468
16243939
16252406
16260869
16269327
16277781
16286230
16294675
16303116
16311552
16319984
16328412
16336835
16345254
16353668
16362079
16370484
16378886
16387283
16395676
16404065
16412449
16420829
16429205
16437577
16445944
16454307
16462666
16471021
16479371
16487717
16496059
16504397
16512730
16521059
16529384
16537705
16546022
16554334
16562643
16570947
16579247
16587543
16595834
16604122
16612405
16620685
16628960
16637231
16645498
16653761
16662019
16670274
16678525
16686771
16695014
16703252
16711486
16719716
16727943
16736165
16744383
16752597
16760807
16769013
16777215
