0
1039741
2060141
3043934
3977479
4851484
5660937
6404472
7083477
7701197
8261965
8770617
9232085
9651143
10032252
10379494
10696548
10986693
11252838
11497550
11723089
11931444
12124364
12303392
12469884
12625040
12769919
12905463
13032506
13151789
13263976
13369659
13469369
13563581
13652726
13737190
13817321
13893438
13965826
14034748
14100441
14163122
14222989
14280225
14334996
14387455
14437743
14485990
14532316
14576833
14619641
14660837
14700509
14738739
14775603
14811172
14845513
14878687
14910752
14941763
14971769
15000820
15028958
15056227
15082665
15108309
15133195
15157355
15180821
15203622
15225784
15247336
15268301
15288702
15308563
15327904
15346745
15365105
15383003
15400455
15417478
15434088
15450298
15466124
15481579
15496675
15511425
15525841
15539934
15553714
15567191
15580377
15593279
15605907
15618270
15630375
15642231
15653845
15665225
15676378
15687310
15698027
15708536
15718844
15728955
15738875
15748610
15758165
15767544
15776753
15785796
15794677
15803401
15811971
15820393
15828669
15836804
15844801
15852663
15860394
15867997
15875476
15882832
15890070
15897192
15904201
15911099
15917889
15924574
15931156
15937637
15944020
15950307
15956500
15962601
15968612
15974535
15980372
15986125
15991796
15997386
16002898
16008332
16013690
16018974
16024186
16029327
16034398
16039401
16044338
16049208
16054015
16058758
16063440
16068061
16072623
16077127
16081573
16085964
16090299
16094581
16098809
16102986
16107111
16111187
16115213
16119191
16123121
16127005
16130843
16134636
16138385
16142090
16145753
16149373
16152953
16156492
16159991
16163451
16166872
16170256
16173602
16176911
16180185
16183423
16186626
16189795
16192930
16196032
16199101
16202137
16205143
16208116
16211060
16213973
16216856
16219709
16222534
16225331
16228099
16230840
16233553
16236240
16238901
16241535
16244144
16246727
16249286
16251820
16254330
16256816
16259278
16261717
16264134
16266528
16268899
16271249
16273577
16275884
16278170
16280435
16282680
16284904
16287109
16289294
16291459
16293606
16295733
16297842
16299933
16302005
16304060
16306096
16308116
16310118
16312103
16314071
16316023
16317959
16319878
16321781
16323669
16325540
16327397
16329238
16331065
16332876
16334673
16336456
16338224
16339978
16341718
16343444
16345157
16346856
16348542
16350214
16351874
16353521
16355155
16356777
16358386
16359983
16361568
16363141
16364702
16366251
16367789
16369315
16370830
16372333
16373826
16375308
16376778
16378238
16379688
16381127
16382556
16383974
16385382
16386780
16388169
16389547
16390916
16392275
16393624
16394964
16396295
16397616
16398929
16400232
16401527
16402812
16404089
16405357
16406617
16407868
16409110
16410344
16411570
16412788
16413998
16415200
16416394
16417580
16418758
16419929
16421092
16422247
16423395
16424535
16425669
16426795
16427913
16429025
16430129
16431227
16432318
16433402
16434479
16435549
16436613
16437670
16438720
16439764
16440802
16441833
16442858
16443877
16444889
16445896
16446896
16447890
16448879
16449861
16450838
16451808
16452773
16453733
16454686
16455634
16456577
16457514
16458445
16459372
16460292
16461208
16462118
16463023
16463923
16464817
16465707
16466591
16467471
16468345
16469215
16470079
16470939
16471794
16472645
16473490
16474331
16475167
16475999
16476826
16477649
16478467
16479280
16480089
16480894
16481695
16482491
16483283
16484070
16484854
16485633
16486408
16487179
16487946
16488709
16489468
16490223
16490974
16491721
16492464
16493203
16493938
16494670
16495398
16496122
16496842
16497559
16498272
16498982
16499688
16500390
16501089
16501784
16502476
16503164
16503849
16504530
16505208
16505883
16506554
16507222
16507887
16508548
16509206
16509861
16510513
16511162
16511807
16512450
16513089
16513725
16514358
16514988
16515616
16516240
16516861
16517479
16518094
16518707
16519316
16519923
16520526
16521127
16521725
16522321
16522913
16523503
16524090
16524674
16525256
16525835
16526411
16526985
16527556
16528125
16528691
16529254
16529815
16530373
16530929
16531482
16532033
16532581
16533127
16533670
16534212
16534750
16535286
16535820
16536352
16536881
16537408
16537932
16538455
16538975
16539492
16540008
16540521
16541032
16541541
16542048
16542552
16543055
16543555
16544053
16544549
16545043
16545534
16546024
16546512
16546997
16547481
16547962
16548442
16548919
16549394
16549868
16550340
16550809
16551277
16551742
16552206
16552668
16553128
16553586
16554043
16554497
16554949
16555400
16555849
16556296
16556741
16557185
16557627
16558067
16558505
16558941
16559376
16559809
16560240
16560670
16561097
16561524
16561948
16562371
16562792
16563211
16563629
16564046
16564460
16564873
16565285
16565694
16566103
16566509
16566914
16567318
16567720
16568120
16568519
16568917
16569313
16569707
16570100
16570491
16570881
16571270
16571657
16572042
16572427
16572809
16573190
16573570
16573949
16574326
16574701
16575076
16575449
16575820
16576190
16576559
16576926
16577292
16577657
16578021
16578383
16578743
16579103
16579461
16579818
16580174
16580528
16580881
16581233
16581583
16581932
16582280
16582627
16582973
16583317
16583660
16584002
16584343
16584682
16585021
16585358
16585694
16586028
16586362
16586694
16587026
16587356
16587685
16588013
16588339
16588665
16588989
16589313
16589635
16589956
16590276
16590595
16590913
16591230
16591545
16591860
16592174
16592486
16592798
16593108
16593417
16593726
16594033
16594339
16594644
16594949
16595252
16595554
16595855
16596155
16596455
16596753
16597050
16597346
16597642
16597936
16598229
16598522
16598813
16599104
16599393
16599682
16599970
16600256
16600542
16600827
16601111
16601394
16601676
16601958
16602238
16602517
16602796
16603074
16603350
16603626
16603901
16604176
16604449
16604721
16604993
16605264
16605534
16605803
16606071
16606338
16606605
16606871
16607135
16607399
16607663
16607925
16608187
16608448
16608708
16608967
16609225
16609483
16609740
16609996
16610251
16610505
16610759
16611012
16611264
16611516
16611766
16612016
16612265
16612514
16612761
16613008
16613254
16613500
16613744
16613988
16614231
16614474
16614716
16614957
16615197
16615437
16615676
16615914
16616151
16616388
16616624
16616860
16617095
16617329
16617562
16617795
16618027
16618258
16618489
16618719
16618948
16619177
16619405
16619632
16619859
16620085
16620310
16620535
16620759
16620983
16621206
16621428
16621649
16621870
16622091
16622310
16622529
16622748
16622966
16623183
16623399
16623615
16623831
16624046
16624260
16624473
16624686
16624899
16625111
16625322
16625532
16625743
16625952
16626161
16626369
16626577
16626784
16626991
16627197
16627402
16627607
16627812
16628015
16628219
16628421
16628623
16628825
16629026
16629227
16629427
16629626
16629825
16630023
16630221
16630418
16630615
16630811
16631007
16631202
16631397
16631591
16631785
16631978
16632170
16632362
16632554
16632745
16632936
16633126
16633315
16633504
16633693
16633881
16634069
16634256
16634442
16634628
16634814
16634999
16635184
16635368
16635552
16635735
16635918
16636100
16636282
16636463
16636644
16636825
16637005
16637184
16637363
16637542
16637720
16637898
16638075
16638252
16638428
16638604
16638779
16638954
16639129
16639303
16639476
16639650
16639823
16639995
16640167
16640338
16640509
16640680
16640850
16641020
16641189
16641358
16641527
16641695
16641863
16642030
16642197
16642363
16642529
16642695
16642860
16643025
16643190
16643354
16643517
16643681
16643843
16644006
16644168
16644329
16644491
16644652
16644812
16644972
16645132
16645291
16645450
16645609
16645767
16645925
16646082
16646239
16646396
16646552
16646708
16646863
16647019
16647173
16647328
16647482
16647636
16647789
16647942
16648094
16648247
16648399
16648550
16648701
16648852
16649003
16649153
16649302
16649452
16649601
16649750
16649898
16650046
16650194
16650341
16650488
16650635
16650781
16650927
16651073
16651218
16651363
16651508
16651652
16651796
16651940
16652083
16652226
16652369
16652511
16652653
16652795
16652936
16653077
16653218
16653358
16653498
16653638
16653778
16653917
16654056
16654194
16654332
16654470
16654608
16654745
16654882
16655019
16655155
16655291
16655427
16655562
16655698
16655832
16655967
16656101
16656235
16656369
16656502
16656635
16656768
16656901
16657033
16657165
16657296
16657428
16657559
16657689
16657820
16657950
16658080
16658210
16658339
16658468
16658597
16658725
16658854
16658982
16659109
16659237
16659364
16659491
16659617
16659743
16659869
16659995
16660121
16660246
16660371
16660496
16660620
16660744
16660868
16660992
16661115
16661238
16661361
16661484
16661606
16661728
16661850
16661971
16662093
16662214
16662335
16662455
16662575
16662695
16662815
16662935
16663054
16663173
16663292
16663410
16663529
16663647
16663764
16663882
16663999
16664116
16664233
16664350
16664466
16664582
16664698
16664814
16664929
16665044
16665159
16665274
16665388
16665503
16665617
16665730
16665844
16665957
16666070
16666183
16666296
16666408
16666520
16666632
16666744
16666855
16666966
16667077
16667188
16667299
16667409
16667519
16667629
16667739
16667848
16667958
16668067
16668175
16668284
16668392
16668501
16668609
16668716
16668824
16668931
16669038
16669145
16669252
16669358
16669465
16669571
16669676
16669782
16669887
16669993
16670098
16670202
16670307
