3829
-621
-576
-535
-499
-467
-437
-410
-385
-360
-335
-311
-285
-259
-231
-203
-172
-140
-106
-71
-35
1
39
77
114
149
183
215
243
268
288
303
311
318
306
302
285
257
222
180
132
77
14
-55
-132
-214
-300
-391
-483
-577
-672
-767
-861
-952
-1038
-1121
-1199
-1270
-1334
-1388
-1434
-1472
-1497
-1514
31248
-1514
-1497
-1472
-1434
-1388
-1334
-1270
-1199
-1121
-1038
-952
-861
-767
-672
-577
-483
-391
-300
-214
-132
-55
14
77
132
180
222
257
285
302
306
318
311
303
288
268
243
215
183
149
114
77
39
1
-35
-71
-106
-140
-172
-203
-231
-259
-285
-311
-335
-360
-385
-410
-437
-467
-499
-535
-576
-621
3829
