0
799522
1560942
2286076
2976654
3634323
4260650
4857129
5425183
5966167
6481369
6972020
7439289
7884289
8308083
8711682
9096046
9462094
9810697
10142688
10458858
10759961
11046714
11319802
11579876
11827556
12063433
12288070
12502001
12705737
12899764
13084545
13260520
13428109
13587711
13739707
13884460
14022315
14153600
14278629
14397700
14511096
14619089
14721934
14819879
14913157
15001989
15086587
15167155
15243882
15316954
15386543
15452815
15515930
15576037
15633279
15687794
15739710
15789153
15836239
15881081
15923787
15964457
16003189
16040076
16075204
16108659
16140519
16170861
16199757
16227276
16253483
16278442
16302211
16324847
16346405
16366935
16386487
16405107
16422840
16439728
16455811
16471128
16485714
16499606
16512835
16525434
16537433
16548860
16559742
16570106
16579976
16589375
16598327
16606852
16614970
16622702
16630066
16637078
16643756
16650116
16656173
16661941
16667435
16672666
16677649
16682394
16686912
16691216
16695314
16699217
16702934
16706474
16709845
16713056
16716113
16719025
16721798
16724439
16726954
16729349
16731630
16733803
16735871
16737842
16739718
16741505
16743207
16744827
16746371
16747841
16749241
16750574
16751843
16753052
16754204
16755300
16756345
16757339
16758287
16759189
16760048
16760866
16761645
16762387
16763093
16763766
16764407
16765018
16765599
16766153
16766680
16767182
16767660
16768115
16768549
16768962
16769355
16769730
16770086
16770426
16770750
16771058
16771351
16771631
16771897
16772150
16772392
16772621
16772840
16773049
16773247
16773436
16773617
16773788
16773951
16774107
16774255
16774396
16774530
16774658
16774780
16774896
16775007
16775112
16775212
16775308
16775398
16775485
16775567
16775646
16775721
16775792
16775860
16775924
16775986
16776044
16776100
16776153
16776204
16776252
16776298
16776342
16776383
16776423
16776461
16776497
16776531
16776563
16776595
16776624
16776652
16776679
16776705
16776729
16776752
16776774
16776795
16776815
16776834
16776852
16776870
16776886
16776902
16776917
16776931
16776944
16776957
16776970
16776981
16776992
16777003
16777013
16777023
16777032
16777041
16777049
16777057
16777064
16777072
16777078
16777085
16777091
16777097
16777103
16777108
16777113
16777118
16777123
16777127
16777131
16777135
16777139
16777143
16777146
16777149
16777152
16777155
16777158
16777161
16777164
16777166
16777168
16777171
16777173
16777175
16777177
16777178
16777180
16777182
16777183
16777185
16777186
16777188
16777189
16777190
16777191
16777193
16777194
16777195
16777196
16777197
16777197
16777198
16777199
16777200
16777201
16777201
16777202
16777203
16777203
16777204
16777204
16777205
16777205
16777206
16777206
16777207
16777207
16777207
16777208
16777208
16777208
16777209
16777209
16777209
16777210
16777210
16777210
16777210
16777211
16777211
16777211
16777211
16777211
16777211
16777212
16777212
16777212
16777212
16777212
16777212
16777213
16777213
16777213
16777213
16777213
16777213
16777213
16777213
16777213
16777213
16777213
16777214
16777214
16777214
16777214
16777214
16777214
16777214
16777214
16777214
16777214
16777214
16777214
16777214
16777214
16777214
16777214
16777214
16777214
16777214
16777214
16777214
16777214
16777215
16777215
16777215
16777215
16777215
16777215
16777215
16777215
16777215
16777215
16777215
16777215
16777215
16777215
16777215
16777215
16777215
16777215
16777215
16777215
16777215
16777215
16777215
16777215
16777215
16777215
16777215
16777215
16777215
16777215
16777215
16777215
16777215
16777215
16777215
16777215
16777215
16777215
16777215
16777215
16777215
16777215
16777215
16777215
16777215
16777215
16777215
16777215
16777215
16777215
16777215
16777215
16777215
16777215
16777215
16777215
16777215
16777215
16777215
16777215
16777215
16777215
16777215
16777215
16777215
16777215
16777215
16777215
16777215
16777215
16777215
16777215
16777215
16777215
16777215
16777215
16777215
16777215
16777215
16777215
16777215
16777215
16777215
16777215
16777215
16777215
16777215
16777215
16777215
16777215
16777215
16777215
16777215
16777215
16777215
16777215
16777215
16777215
16777215
16777215
16777215
16777215
16777215
16777215
16777215
16777215
16777215
16777215
16777215
16777215
16777215
16777215
16777215
16777215
16777215
16777215
16777215
16777215
16777215
16777215
16777215
16777215
16777215
16777215
16777215
16777215
16777215
16777215
16777215
16777215
16777215
16777215
16777215
16777215
16777215
16777215
16777215
16777215
16777215
16777215
16777215
16777215
16777215
16777215
16777215
16777215
16777215
16777215
16777215
16777215
16777215
16777215
16777215
16777215
16777215
16777215
16777215
16777215
16777215
16777215
16777215
16777215
16777215
16777215
16777215
16777215
16777215
16777215
16777215
16777215
16777215
16777215
16777215
16777215
16777215
16777215
16777215
16777215
16777215
16777215
16777215
16777215
16777215
16777215
16777215
16777215
16777215
16777215
16777215
16777215
16777215
16777215
16777215
16777215
16777215
16777215
16777215
16777215
16777215
16777215
16777215
16777215
16777215
16777215
16777215
16777215
16777215
16777215
16777215
16777215
16777215
16777215
16777215
16777215
16777215
16777215
16777215
16777215
16777215
16777215
16777215
16777215
16777215
16777215
16777215
16777215
16777215
16777215
16777215
16777215
16777215
16777215
16777215
16777215
16777215
16777215
16777215
16777215
16777215
16777215
16777215
16777215
16777215
16777215
16777215
16777215
16777215
16777215
16777215
16777215
16777215
16777215
16777215
16777215
16777215
16777215
16777215
16777215
16777215
16777215
16777215
16777215
16777215
16777215
16777215
16777215
16777215
16777215
16777215
16777215
16777215
16777215
16777215
16777215
16777215
16777215
16777215
16777215
16777215
16777215
16777215
16777215
16777215
16777215
16777215
16777215
16777215
16777215
16777215
16777215
16777215
16777215
16777215
16777215
16777215
16777215
16777215
16777215
16777215
16777215
16777215
16777215
16777215
16777215
16777215
16777215
16777215
16777215
16777215
16777215
16777215
16777215
16777215
16777215
16777215
16777215
16777215
16777215
16777215
16777215
16777215
16777215
16777215
16777215
16777215
16777215
16777215
16777215
16777215
16777215
16777215
16777215
16777215
16777215
16777215
16777215
16777215
16777215
16777215
16777215
16777215
16777215
16777215
16777215
16777215
16777215
16777215
16777215
16777215
16777215
16777215
16777215
16777215
16777215
16777215
16777215
16777215
16777215
16777215
16777215
16777215
16777215
16777215
16777215
16777215
16777215
16777215
16777215
16777215
16777215
16777215
16777215
16777215
16777215
16777215
16777215
16777215
16777215
16777215
16777215
16777215
16777215
16777215
16777215
16777215
16777215
16777215
16777215
16777215
16777215
16777215
16777215
16777215
16777215
16777215
16777215
16777215
16777215
16777215
16777215
16777215
16777215
16777215
16777215
16777215
16777215
16777215
16777215
16777215
16777215
16777215
16777215
16777215
16777215
16777215
16777215
16777215
16777215
16777215
16777215
16777215
16777215
16777215
16777215
16777215
16777215
16777215
16777215
16777215
16777215
16777215
16777215
16777215
16777215
16777215
16777215
16777215
16777215
16777215
16777215
16777215
16777215
16777215
16777215
16777215
16777215
16777215
16777215
16777215
16777215
16777215
16777215
16777215
16777215
16777215
16777215
16777215
16777215
16777215
16777215
16777215
16777215
16777215
16777215
16777215
16777215
16777215
16777215
16777215
16777215
16777215
16777215
16777215
16777215
16777215
16777215
16777215
16777215
16777215
16777215
16777215
16777215
16777215
16777215
16777215
16777215
16777215
16777215
16777215
16777215
16777215
16777215
16777215
16777215
16777215
16777215
16777215
16777215
16777215
16777215
16777215
16777215
16777215
16777215
16777215
16777215
16777215
16777215
16777215
16777215
16777215
16777215
16777215
16777215
16777215
16777215
16777215
16777215
16777215
16777215
16777215
16777215
16777215
16777215
16777215
16777215
16777215
16777215
16777215
16777215
16777215
16777215
16777215
16777215
16777215
16777215
16777215
16777215
16777215
16777215
16777215
16777215
16777215
16777215
16777215
16777215
16777215
16777215
16777215
16777215
16777215
16777215
16777215
16777215
16777215
16777215
16777215
16777215
16777215
16777215
16777215
16777215
16777215
16777215
16777215
16777215
16777215
16777215
16777215
16777215
16777215
16777215
16777215
16777215
16777215
16777215
16777215
16777215
16777215
16777215
16777215
16777215
16777215
16777215
16777215
16777215
16777215
16777215
16777215
16777215
16777215
16777215
16777215
16777215
16777215
16777215
16777215
16777215
16777215
16777215
16777215
16777215
16777215
16777215
16777215
16777215
16777215
16777215
16777215
16777215
16777215
16777215
16777215
16777215
16777215
16777215
16777215
16777215
16777215
16777215
16777215
16777215
16777215
16777215
16777215
16777215
16777215
16777215
16777215
16777215
16777215
16777215
16777215
16777215
16777215
16777215
16777215
16777215
16777215
16777215
16777215
16777215
16777215
16777215
16777215
16777215
16777215
16777215
16777215
16777215
16777215
16777215
16777215
16777215
16777215
16777215
16777215
16777215
16777215
16777215
16777215
16777215
16777215
16777215
16777215
16777215
16777215
16777215
16777215
