0
1560942
2976654
4260650
5425183
6481369
7439289
8308083
9096046
9810697
10458858
11046714
11579876
12063433
12502001
12899764
13260520
13587711
13884460
14153600
14397700
14619089
14819879
15001989
15167155
15316954
15452815
15576037
15687794
15789153
15881081
15964457
16040076
16108659
16170861
16227276
16278442
16324847
16366935
16405107
16439728
16471128
16499606
16525434
16548860
16570106
16589375
16606852
16622702
16637078
16650116
16661941
16672666
16682394
16691216
16699217
16706474
16713056
16719025
16724439
16729349
16733803
16737842
16741505
16744827
16747841
16750574
16753052
16755300
16757339
16759189
16760866
16762387
16763766
16765018
16766153
16767182
16768115
16768962
16769730
16770426
16771058
16771631
16772150
16772621
16773049
16773436
16773788
16774107
16774396
16774658
16774896
16775112
16775308
16775485
16775646
16775792
16775924
16776044
16776153
16776252
16776342
16776423
16776497
16776563
16776624
16776679
16776729
16776774
16776815
16776852
16776886
16776917
16776944
16776970
16776992
16777013
16777032
16777049
16777064
16777078
16777091
16777103
16777113
16777123
16777131
16777139
16777146
16777152
16777158
16777164
16777168
16777173
16777177
16777180
16777183
16777186
16777189
16777191
16777194
16777196
16777197
16777199
16777201
16777202
16777203
16777204
16777205
16777206
16777207
16777208
16777208
16777209
16777210
16777210
16777211
16777211
16777211
16777212
16777212
16777212
16777213
16777213
16777213
16777213
16777213
16777213
16777214
16777214
16777214
16777214
16777214
16777214
16777214
16777214
16777214
16777214
16777214
16777215
16777215
16777215
16777215
16777215
16777215
16777215
16777215
16777215
16777215
16777215
16777215
16777215
16777215
16777215
16777215
16777215
16777215
16777215
16777215
16777215
16777215
16777215
16777215
16777215
16777215
16777215
16777215
16777215
16777215
16777215
16777215
16777215
16777215
16777215
16777215
16777215
16777215
16777215
16777215
16777215
16777215
16777215
16777215
16777215
16777215
16777215
16777215
16777215
16777215
16777215
16777215
16777215
16777215
16777215
16777215
16777215
16777215
16777215
16777215
16777215
16777215
16777215
16777215
16777215
16777215
16777215
16777215
16777215
16777215
16777215
16777215
16777215
16777215
16777215
16777215
16777215
16777215
16777215
16777215
16777215
16777215
16777215
16777215
16777215
16777215
16777215
16777215
16777215
16777215
16777215
16777215
16777215
16777215
16777215
16777215
16777215
16777215
16777215
16777215
16777215
16777215
16777215
16777215
16777215
16777215
16777215
16777215
16777215
16777215
16777215
16777215
16777215
16777215
16777215
16777215
16777215
16777215
16777215
16777215
16777215
16777215
16777215
16777215
16777215
16777215
16777215
16777215
16777215
16777215
16777215
16777215
16777215
16777215
16777215
16777215
16777215
16777215
16777215
16777215
16777215
16777215
16777215
16777215
16777215
16777215
16777215
16777215
16777215
16777215
16777215
16777215
16777215
16777215
16777215
16777215
16777215
16777215
16777215
16777215
16777215
16777215
16777215
16777215
16777215
16777215
16777215
16777215
16777215
16777215
16777215
16777215
16777215
16777215
16777215
16777215
16777215
16777215
16777215
16777215
16777215
16777215
16777215
16777215
16777215
16777215
16777215
16777215
16777215
16777215
16777215
16777215
16777215
16777215
16777215
16777215
16777215
16777215
16777215
16777215
16777215
16777215
16777215
16777215
16777215
16777215
16777215
16777215
16777215
16777215
16777215
16777215
16777215
16777215
16777215
16777215
16777215
16777215
16777215
16777215
16777215
16777215
16777215
16777215
16777215
16777215
16777215
16777215
16777215
16777215
16777215
16777215
16777215
16777215
16777215
16777215
16777215
16777215
16777215
16777215
16777215
16777215
16777215
16777215
16777215
16777215
16777215
16777215
16777215
16777215
16777215
16777215
16777215
16777215
16777215
16777215
16777215
16777215
16777215
16777215
16777215
16777215
16777215
16777215
16777215
16777215
16777215
16777215
16777215
16777215
16777215
16777215
16777215
16777215
16777215
16777215
16777215
16777215
16777215
16777215
16777215
16777215
16777215
16777215
16777215
16777215
16777215
16777215
16777215
16777215
16777215
16777215
16777215
16777215
16777215
16777215
16777215
16777215
16777215
16777215
16777215
16777215
16777215
16777215
16777215
16777215
16777215
16777215
16777215
16777215
16777215
16777215
16777215
16777215
16777215
16777215
16777215
16777215
16777215
16777215
16777215
16777215
16777215
16777215
16777215
16777215
16777215
16777215
16777215
16777215
16777215
16777215
16777215
16777215
16777215
16777215
16777215
16777215
16777215
16777215
16777215
16777215
16777215
16777215
16777215
16777215
16777215
16777215
16777215
16777215
16777215
16777215
16777215
16777215
16777215
16777215
16777215
16777215
16777215
16777215
16777215
16777215
16777215
16777215
16777215
16777215
16777215
16777215
16777215
16777215
16777215
16777215
16777215
16777215
16777215
16777215
16777215
16777215
16777215
16777215
16777215
16777215
16777215
16777215
16777215
16777215
16777215
16777215
16777215
16777215
16777215
16777215
16777215
16777215
16777215
16777215
16777215
16777215
16777215
16777215
16777215
16777215
16777215
16777215
16777215
16777215
16777215
16777215
16777215
16777215
16777215
16777215
16777215
16777215
16777215
16777215
16777215
16777215
16777215
16777215
16777215
16777215
16777215
16777215
16777215
16777215
16777215
16777215
16777215
16777215
16777215
16777215
16777215
16777215
16777215
16777215
16777215
16777215
16777215
16777215
16777215
16777215
16777215
16777215
16777215
16777215
16777215
16777215
16777215
16777215
16777215
16777215
16777215
16777215
16777215
16777215
16777215
16777215
16777215
16777215
16777215
16777215
16777215
16777215
16777215
16777215
16777215
16777215
16777215
16777215
16777215
16777215
16777215
16777215
16777215
16777215
16777215
16777215
16777215
16777215
16777215
16777215
16777215
16777215
16777215
16777215
16777215
16777215
16777215
16777215
16777215
16777215
16777215
16777215
16777215
16777215
16777215
16777215
16777215
16777215
16777215
16777215
16777215
16777215
16777215
16777215
16777215
16777215
16777215
16777215
16777215
16777215
16777215
16777215
16777215
16777215
16777215
16777215
16777215
16777215
16777215
16777215
16777215
16777215
16777215
16777215
16777215
16777215
16777215
16777215
16777215
16777215
16777215
16777215
16777215
16777215
16777215
16777215
16777215
16777215
16777215
16777215
16777215
16777215
16777215
16777215
16777215
16777215
16777215
16777215
16777215
16777215
16777215
16777215
16777215
16777215
16777215
16777215
16777215
16777215
16777215
16777215
16777215
16777215
16777215
16777215
16777215
16777215
16777215
16777215
16777215
16777215
16777215
16777215
16777215
16777215
16777215
16777215
16777215
16777215
16777215
16777215
16777215
16777215
16777215
16777215
16777215
16777215
16777215
16777215
16777215
16777215
16777215
16777215
16777215
16777215
16777215
16777215
16777215
16777215
16777215
16777215
16777215
16777215
16777215
16777215
16777215
16777215
16777215
16777215
16777215
16777215
16777215
16777215
16777215
16777215
16777215
16777215
16777215
16777215
16777215
16777215
16777215
16777215
16777215
16777215
16777215
16777215
16777215
16777215
16777215
16777215
16777215
16777215
16777215
16777215
16777215
16777215
16777215
16777215
16777215
16777215
16777215
16777215
16777215
16777215
16777215
16777215
16777215
16777215
16777215
16777215
16777215
16777215
16777215
16777215
16777215
16777215
16777215
16777215
16777215
16777215
16777215
16777215
16777215
16777215
16777215
16777215
16777215
16777215
16777215
16777215
16777215
16777215
16777215
16777215
16777215
16777215
16777215
16777215
16777215
16777215
16777215
16777215
16777215
16777215
16777215
16777215
16777215
16777215
16777215
16777215
16777215
16777215
16777215
16777215
16777215
16777215
16777215
16777215
16777215
16777215
16777215
16777215
16777215
16777215
16777215
16777215
16777215
16777215
16777215
16777215
16777215
16777215
16777215
16777215
16777215
16777215
16777215
16777215
16777215
16777215
16777215
16777215
16777215
16777215
16777215
16777215
16777215
16777215
16777215
16777215
16777215
16777215
16777215
16777215
16777215
16777215
16777215
16777215
16777215
16777215
16777215
16777215
16777215
16777215
16777215
16777215
16777215
16777215
16777215
16777215
16777215
16777215
16777215
16777215
16777215
16777215
16777215
16777215
16777215
16777215
16777215
16777215
16777215
16777215
16777215
16777215
16777215
16777215
16777215
16777215
16777215
16777215
16777215
16777215
16777215
16777215
16777215
16777215
16777215
16777215
16777215
16777215
16777215
16777215
16777215
16777215
16777215
16777215
16777215
16777215
16777215
16777215
16777215
16777215
16777215
16777215
16777215
16777215
16777215
16777215
16777215
16777215
16777215
16777215
16777215
16777215
16777215
16777215
16777215
16777215
16777215
16777215
16777215
16777215
16777215
16777215
16777215
16777215
16777215
16777215
16777215
16777215
16777215
16777215
16777215
16777215
16777215
16777215
16777215
16777215
16777215
16777215
16777215
16777215
16777215
16777215
16777215
16777215
16777215
16777215
16777215
16777215
16777215
16777215
