0
1665053
2097835
2401422
2643106
2847200
3025602
3185131
3330105
3463449
3587247
3703044
3812019
3915096
4013014
4106373
4195670
4281319
4363673
4443029
4519648
4593754
4665543
4735188
4802843
4868644
4932712
4995158
5056081
5115570
5173706
5230564
5286213
5340714
5394124
5446498
5497883
5548325
5597866
5646546
5694400
5741464
5787768
5833343
5878216
5922415
5965964
6008886
6051203
6092937
6134107
6174731
6214828
6254414
6293505
6332116
6370263
6407957
6445214
6482044
6518461
6554475
6590098
6625340
6660211
6694720
6728878
6762692
6796171
6829324
6862157
6894680
6926899
6958820
6990452
7021799
7052870
7083669
7114202
7144476
7174495
7204265
7233791
7263078
7292130
7320953
7349551
7377928
7406088
7434036
7461775
7489310
7516643
7543779
7570722
7597473
7624038
7650419
7676620
7702642
7728490
7754166
7779674
7805015
7830192
7855209
7880068
7904770
7929319
7953717
7977967
8002069
8026028
8049844
8073520
8097058
8120460
8143728
8166864
8189869
8212746
8235496
8258122
8280623
8303003
8325264
8347405
8369430
8391340
8413136
8434819
8456392
8477855
8499210
8520458
8541600
8562639
8583575
8604409
8625142
8645776
8666313
8686752
8707096
8727345
8747501
8767564
8787536
8807417
8827209
8846913
8866529
8886059
8905503
8924863
8944139
8963333
8982445
9001475
9020426
9039297
9058090
9076805
9095443
9114005
9132492
9150904
9169243
9187508
9205702
9223823
9241874
9259854
9277765
9295607
9313380
9331086
9348726
9366298
9383806
9401248
9418625
9435939
9453189
9470377
9487502
9504566
9521569
9538512
9555394
9572217
9588981
9605686
9622334
9638924
9655458
9671935
9688356
9704721
9721032
9737287
9753489
9769637
9785732
9801775
9817765
9833703
9849589
9865424
9881209
9896943
9912628
9928263
9943849
9959386
9974875
9990316
10005710
10021056
10036355
10051608
10066815
10081976
10097091
10112162
10127187
10142168
10157105
10171998
10186848
10201654
10216418
10231139
10245818
10260455
10275050
10289604
10304117
10318589
10333021
10347412
10361763
10376075
10390348
10404581
10418776
10432932
10447049
10461129
10475171
10489175
10503142
10517072
10530965
10544821
10558642
10572426
10586174
10599887
10613564
10627206
10640813
10654386
10667924
10681428
10694897
10708333
10721735
10735104
10748440
10761742
10775012
10788249
10801454
10814626
10827767
10840875
10853952
10866998
10880012
10892996
10905948
10918870
10931761
10944622
10957453
10970254
10983025
10995766
11008478
11021160
11033814
11046438
11059034
11071601
11084140
11096650
11109132
11121587
11134013
11146412
11158783
11171127
11183443
11195733
11207995
11220231
11232440
11244623
11256779
11268909
11281014
11293092
11305144
11317171
11329172
11341148
11353099
11365024
11376925
11388800
11400651
11412478
11424280
11436057
11447811
11459540
11471246
11482927
11494585
11506219
11517830
11529417
11540981
11552522
11564040
11575535
11587008
11598457
11609884
11621289
11632671
11644031
11655369
11666685
11677979
11689251
11700502
11711731
11722938
11734124
11745289
11756432
11767555
11778656
11789737
11800797
11811836
11822854
11833852
11844830
11855787
11866724
11877641
11888538
11899415
11910272
11921110
11931927
11942725
11953504
11964263
11975003
11985724
11996425
12007108
12017771
12028416
12039042
12049649
12060237
12070807
12081359
12091892
12102406
12112903
12123381
12133841
12144284
12154708
12165114
12175503
12185874
12196227
12206563
12216881
12227182
12237466
12247732
12257981
12268213
12278428
12288626
12298808
12308972
12319119
12329250
12339365
12349462
12359543
12369608
12379657
12389689
12399705
12409704
12419688
12429656
12439607
12449543
12459463
12469367
12479256
12489129
12498986
12508828
12518654
12528465
12538260
12548041
12557806
12567555
12577290
12587010
12596715
12606404
12616079
12625739
12635385
12645015
12654631
12664233
12673820
12683392
12692950
12702494
12712023
12721538
12731039
12740525
12749998
12759456
12768901
12778331
12787748
12797150
12806539
12815915
12825276
12834624
12843958
12853279
12862586
12871880
12881160
12890427
12899681
12908922
12918149
12927363
12936564
12945752
12954927
12964089
12973238
12982374
12991497
13000607
13009705
13018790
13027862
13036922
13045969
13055004
13064026
13073036
13082033
13091018
13099990
13108951
13117899
13126835
13135759
13144670
13153570
13162457
13171333
13180196
13189048
13197888
13206716
13215532
13224337
13233130
13241911
13250680
13259438
13268184
13276919
13285643
13294354
13303055
13311744
13320422
13329088
13337744
13346388
13355021
13363642
13372253
13380852
13389441
13398018
13406585
13415140
13423685
13432219
13440742
13449254
13457755
13466246
13474726
13483196
13491654
13500102
13508540
13516967
13525384
13533790
13542185
13550571
13558945
13567310
13575664
13584008
13592342
13600666
13608979
13617282
13625575
13633858
13642131
13650394
13658647
13666890
13675123
13683346
13691560
13699763
13707957
13716141
13724315
13732479
13740634
13748779
13756914
13765040
13773156
13781263
13789360
13797447
13805526
13813594
13821654
13829703
13837744
13845775
13853797
13861810
13869813
13877807
13885792
13893768
13901734
13909692
13917640
13925580
13933510
13941431
13949343
13957247
13965141
13973027
13980903
13988771
13996630
14004480
14012321
14020154
14027977
14035792
14043599
14051396
14059185
14066966
14074738
14082501
14090255
14098002
14105739
14113468
14121189
14128901
14136605
14144301
14151988
14159667
14167337
14174999
14182653
14190299
14197936
14205565
14213186
14220799
14228404
14236001
14243589
14251170
14258742
14266306
14273862
14281411
14288951
14296484
14304008
14311525
14319033
14326534
14334027
14341512
14348989
14356459
14363921
14371375
14378821
14386260
14393691
14401114
14408530
14415938
14423338
14430731
14438116
14445494
14452864
14460226
14467582
14474929
14482269
14489602
14496928
14504246
14511556
14518859
14526155
14533444
14540725
14547999
14555266
14562525
14569778
14577023
14584261
14591491
14598715
14605931
14613140
14620343
14627538
14634726
14641907
14649080
14656247
14663407
14670560
14677706
14684845
14691977
14699102
14706220
14713332
14720436
14727534
14734624
14741708
14748786
14755856
14762919
14769976
14777026
14784070
14791107
14798137
14805160
14812177
14819187
14826190
14833187
14840177
14847161
14854138
14861108
14868072
14875029
14881980
14888925
14895863
14902794
14909720
14916638
14923550
14930456
14937356
14944249
14951136
14958016
14964890
14971758
14978619
14985475
14992324
14999166
15006003
15012833
15019657
15026475
15033286
15040092
15046891
15053684
15060471
15067252
15074027
15080796
15087559
15094315
15101066
15107810
15114549
15121281
15128008
15134729
15141443
15148152
15154855
15161551
15168242
15174927
15181606
15188280
15194947
15201609
15208264
15214914
15221558
15228196
15234829
15241456
15248077
15254692
15261301
15267905
15274503
15281096
15287682
15294263
15300839
15307408
15313972
15320531
15327084
15333631
15340172
15346709
15353239
15359764
15366283
15372797
15379306
15385809
15392306
15398798
15405284
15411765
15418241
15424711
15431176
15437635
15444089
15450537
15456980
15463418
15469850
15476277
15482699
15489116
15495527
15501932
15508333
15514728
15521118
15527503
15533882
15540256
15546625
15552989
15559347
15565701
15572049
15578392
15584730
15591062
15597390
15603712
15610030
15616342
15622649
15628951
15635248
15641540
15647827
15654108
15660385
15666657
15672923
15679185
15685442
15691693
15697940
15704182
15710419
15716650
15722877
15729099
15735316
15741528
15747736
15753938
15760135
15766328
15772516
15778699
15784877
15791050
15797218
15803382
15809540
15815694
15821844
15827988
15834128
15840263
15846393
15852518
15858639
15864755
15870866
15876972
15883074
15889171
15895264
15901352
15907435
15913513
15919587
15925656
15931721
15937781
15943836
15949887
15955933
15961975
15968012
15974045
15980073
15986096
15992115
15998129
16004139
16010144
16016145
16022141
16028133
16034121
16040103
16046082
16052056
16058025
16063990
16069951
16075907
16081859
16087807
16093750
16099688
16105623
16111553
16117478
16123399
16129316
16135229
16141137
16147041
16152940
16158835
16164726
16170613
16176495
16182373
16188247
16194117
16199982
16205843
16211700
16217553
16223401
16229245
16235085
16240921
16246752
16252580
16258403
16264222
16270037
16275848
16281654
16287457
16293255
16299049
16304839
16310625
16316407
16322185
16327959
16333728
16339494
16345255
16351013
16356766
16362515
16368260
16374002
16379739
16385472
16391201
16396926
16402648
16408365
16414078
16419787
16425493
16431194
16436891
16442585
16448274
16453960
16459641
16465319
16470993
16476663
16482329
16487991
16493649
16499303
16504954
16510600
16516243
16521882
16527517
16533148
16538775
16544399
16550019
16555635
16561247
16566855
16572459
16578060
16583657
16589250
16594840
16600425
16606007
16611585
16617159
16622730
16628297
16633860
16639420
16644975
16650527
16656076
16661620
16667161
16672698
16678232
16683762
16689288
16694811
16700330
16705845
16711357
16716865
16722369
16727870
16733367
16738861
16744351
16749837
16755320
16760799
16766275
16771747
16777215
