310
-99
-92
-90
-91
-94
-97
-100
-102
-101
-98
-91
-81
-66
-48
-27
-3
23
51
79
106
131
152
170
181
186
183
173
154
127
91
49
1
-51
-108
-164
-221
-273
-319
-356
-383
-396
-395
-376
-339
-283
-207
-113
-1
127
271
428
594
767
942
1116
1286
1446
1594
1726
1838
1929
1995
2035
2049
2035
1995
1929
1838
1726
1594
1446
1286
1116
942
767
594
428
271
127
-1
-113
-207
-283
-339
-376
-395
-396
-383
-356
-319
-273
-221
-164
-108
-51
1
49
91
127
154
173
183
186
181
170
152
131
106
79
51
23
-3
-27
-48
-66
-81
-91
-98
-101
-102
-100
-97
-94
-91
-90
-92
-99
310
