2440
-220
-212
-205
-200
-196
-194
-192
-191
-191
-193
-194
-197
-200
-204
-208
-214
-219
-225
-231
-238
-244
-252
-259
-267
-274
-282
-290
-299
-306
-315
-322
-333
-338
-346
-358
-365
-373
-380
-388
-394
-402
-409
-417
-424
-431
-437
-443
-449
-454
-459
-464
-469
-473
-476
-480
-483
-487
-489
-491
-493
-494
-496
-496
32272
-496
-496
-494
-493
-491
-489
-487
-483
-480
-476
-473
-469
-464
-459
-454
-449
-443
-437
-431
-424
-417
-409
-402
-394
-388
-380
-373
-365
-358
-346
-338
-333
-322
-315
-306
-299
-290
-282
-274
-267
-259
-252
-244
-238
-231
-225
-219
-214
-208
-204
-200
-197
-194
-193
-191
-191
-192
-194
-196
-200
-205
-212
-220
2440
