0
16384
32768
49152
65536
81920
98304
114688
131072
147456
163840
180224
196608
212992
229376
245760
262144
278528
294912
311296
327680
344064
360448
376832
393216
409600
425984
442368
458752
475136
491520
507904
524288
540672
557056
573440
589824
606208
622592
638976
655360
671744
688128
704512
720896
737280
753664
770048
786432
802816
819200
835584
851968
868352
884736
901120
917504
933888
950272
966656
983040
999424
1015808
1032192
1048576
1064960
1081344
1097728
1114112
1130496
1146880
1163264
1179648
1196032
1212416
1228800
1245184
1261568
1277952
1294336
1310720
1327104
1343488
1359872
1376256
1392640
1409024
1425408
1441792
1458176
1474560
1490944
1507328
1523712
1540096
1556480
1572864
1589248
1605632
1622016
1638400
1654784
1671168
1687552
1703936
1720320
1736704
1753088
1769472
1785856
1802240
1818624
1835008
1851392
1867776
1884160
1900544
1916928
1933312
1949696
1966080
1982464
1998848
2015232
2031616
2048000
2064384
2080768
2097152
2113536
2129920
2146304
2162688
2179072
2195456
2211840
2228224
2244608
2260992
2277376
2293760
2310144
2326528
2342912
2359296
2375680
2392064
2408448
2424832
2441216
2457600
2473984
2490368
2506752
2523136
2539520
2555904
2572288
2588672
2605056
2621440
2637824
2654208
2670592
2686976
2703360
2719744
2736128
2752512
2768896
2785280
2801664
2818048
2834432
2850816
2867200
2883584
2899968
2916352
2932736
2949120
2965504
2981888
2998272
3014656
3031040
3047424
3063808
3080192
3096576
3112960
3129344
3145728
3162112
3178496
3194880
3211264
3227648
3244032
3260416
3276800
3293184
3309568
3325952
3342336
3358720
3375104
3391488
3407872
3424256
3440640
3457024
3473408
3489792
3506176
3522560
3538944
3555328
3571712
3588096
3604480
3620864
3637248
3653632
3670016
3686400
3702784
3719168
3735552
3751936
3768320
3784704
3801088
3817472
3833856
3850240
3866624
3883008
3899392
3915776
3932160
3948544
3964928
3981312
3997696
4014080
4030464
4046848
4063232
4079616
4096000
4112384
4128768
4145152
4161536
4177920
4194304
4210688
4227072
4243456
4259840
4276224
4292608
4308992
4325376
4341760
4358144
4374528
4390912
4407296
4423680
4440064
4456448
4472832
4489216
4505600
4521984
4538368
4554752
4571136
4587520
4603904
4620288
4636672
4653056
4669440
4685824
4702208
4718592
4734976
4751360
4767744
4784128
4800512
4816896
4833280
4849664
4866048
4882432
4898816
4915200
4931584
4947968
4964352
4980736
4997120
5013504
5029888
5046272
5062656
5079040
5095424
5111808
5128192
5144576
5160960
5177344
5193728
5210112
5226496
5242880
5259264
5275648
5292032
5308416
5324800
5341184
5357568
5373952
5390336
5406720
5423104
5439488
5455872
5472256
5488640
5505024
5521408
5537792
5554176
5570560
5586944
5603328
5619712
5636096
5652480
5668864
5685248
5701632
5718016
5734400
5750784
5767168
5783552
5799936
5816320
5832704
5849088
5865472
5881856
5898240
5914624
5931008
5947392
5963776
5980160
5996544
6012928
6029312
6045696
6062080
6078464
6094848
6111232
6127616
6144000
6160384
6176768
6193152
6209536
6225920
6242304
6258688
6275072
6291456
6307840
6324224
6340608
6356992
6373376
6389760
6406144
6422528
6438912
6455296
6471680
6488064
6504448
6520832
6537216
6553600
6569984
6586368
6602752
6619136
6635520
6651904
6668288
6684672
6701056
6717440
6733824
6750208
6766592
6782976
6799360
6815744
6832128
6848512
6864896
6881280
6897664
6914048
6930432
6946816
6963200
6979584
6995968
7012352
7028736
7045120
7061504
7077888
7094272
7110656
7127040
7143424
7159808
7176192
7192576
7208960
7225344
7241728
7258112
7274496
7290880
7307264
7323648
7340032
7356416
7372800
7389184
7405568
7421952
7438336
7454720
7471104
7487488
7503872
7520256
7536640
7553024
7569408
7585792
7602176
7618560
7634944
7651328
7667712
7684096
7700480
7716864
7733248
7749632
7766016
7782400
7798784
7815168
7831552
7847936
7864320
7880704
7897088
7913472
7929856
7946240
7962624
7979008
7995392
8011776
8028160
8044544
8060928
8077312
8093696
8110080
8126464
8142848
8159232
8175616
8192000
8208384
8224768
8241152
8257536
8273920
8290304
8306688
8323072
8339456
8355840
8372224
8388608
8404991
8421375
8437759
8454143
8470527
8486911
8503295
8519679
8536063
8552447
8568831
8585215
8601599
8617983
8634367
8650751
8667135
8683519
8699903
8716287
8732671
8749055
8765439
8781823
8798207
8814591
8830975
8847359
8863743
8880127
8896511
8912895
8929279
8945663
8962047
8978431
8994815
9011199
9027583
9043967
9060351
9076735
9093119
9109503
9125887
9142271
9158655
9175039
9191423
9207807
9224191
9240575
9256959
9273343
9289727
9306111
9322495
9338879
9355263
9371647
9388031
9404415
9420799
9437183
9453567
9469951
9486335
9502719
9519103
9535487
9551871
9568255
9584639
9601023
9617407
9633791
9650175
9666559
9682943
9699327
9715711
9732095
9748479
9764863
9781247
9797631
9814015
9830399
9846783
9863167
9879551
9895935
9912319
9928703
9945087
9961471
9977855
9994239
10010623
10027007
10043391
10059775
10076159
10092543
10108927
10125311
10141695
10158079
10174463
10190847
10207231
10223615
10239999
10256383
10272767
10289151
10305535
10321919
10338303
10354687
10371071
10387455
10403839
10420223
10436607
10452991
10469375
10485759
10502143
10518527
10534911
10551295
10567679
10584063
10600447
10616831
10633215
10649599
10665983
10682367
10698751
10715135
10731519
10747903
10764287
10780671
10797055
10813439
10829823
10846207
10862591
10878975
10895359
10911743
10928127
10944511
10960895
10977279
10993663
11010047
11026431
11042815
11059199
11075583
11091967
11108351
11124735
11141119
11157503
11173887
11190271
11206655
11223039
11239423
11255807
11272191
11288575
11304959
11321343
11337727
11354111
11370495
11386879
11403263
11419647
11436031
11452415
11468799
11485183
11501567
11517951
11534335
11550719
11567103
11583487
11599871
11616255
11632639
11649023
11665407
11681791
11698175
11714559
11730943
11747327
11763711
11780095
11796479
11812863
11829247
11845631
11862015
11878399
11894783
11911167
11927551
11943935
11960319
11976703
11993087
12009471
12025855
12042239
12058623
12075007
12091391
12107775
12124159
12140543
12156927
12173311
12189695
12206079
12222463
12238847
12255231
12271615
12287999
12304383
12320767
12337151
12353535
12369919
12386303
12402687
12419071
12435455
12451839
12468223
12484607
12500991
12517375
12533759
12550143
12566527
12582911
12599295
12615679
12632063
12648447
12664831
12681215
12697599
12713983
12730367
12746751
12763135
12779519
12795903
12812287
12828671
12845055
12861439
12877823
12894207
12910591
12926975
12943359
12959743
12976127
12992511
13008895
13025279
13041663
13058047
13074431
13090815
13107199
13123583
13139967
13156351
13172735
13189119
13205503
13221887
13238271
13254655
13271039
13287423
13303807
13320191
13336575
13352959
13369343
13385727
13402111
13418495
13434879
13451263
13467647
13484031
13500415
13516799
13533183
13549567
13565951
13582335
13598719
13615103
13631487
13647871
13664255
13680639
13697023
13713407
13729791
13746175
13762559
13778943
13795327
13811711
13828095
13844479
13860863
13877247
13893631
13910015
13926399
13942783
13959167
13975551
13991935
14008319
14024703
14041087
14057471
14073855
14090239
14106623
14123007
14139391
14155775
14172159
14188543
14204927
14221311
14237695
14254079
14270463
14286847
14303231
14319615
14335999
14352383
14368767
14385151
14401535
14417919
14434303
14450687
14467071
14483455
14499839
14516223
14532607
14548991
14565375
14581759
14598143
14614527
14630911
14647295
14663679
14680063
14696447
14712831
14729215
14745599
14761983
14778367
14794751
14811135
14827519
14843903
14860287
14876671
14893055
14909439
14925823
14942207
14958591
14974975
14991359
15007743
15024127
15040511
15056895
15073279
15089663
15106047
15122431
15138815
15155199
15171583
15187967
15204351
15220735
15237119
15253503
15269887
15286271
15302655
15319039
15335423
15351807
15368191
15384575
15400959
15417343
15433727
15450111
15466495
15482879
15499263
15515647
15532031
15548415
15564799
15581183
15597567
15613951
15630335
15646719
15663103
15679487
15695871
15712255
15728639
15745023
15761407
15777791
15794175
15810559
15826943
15843327
15859711
15876095
15892479
15908863
15925247
15941631
15958015
15974399
15990783
16007167
16023551
16039935
16056319
16072703
16089087
16105471
16121855
16138239
16154623
16171007
16187391
16203775
16220159
16236543
16252927
16269311
16285695
16302079
16318463
16334847
16351231
16367615
16383999
16400383
16416767
16433151
16449535
16465919
16482303
16498687
16515071
16531455
16547839
16564223
16580607
16596991
16613375
16629759
16646143
16662527
16678911
16695295
16711679
16728063
16744447
16760831
