70
4
0
-7
-17
-30
-45
-60
-74
-86
-94
-98
-95
-84
-66
-40
-6
33
77
123
168
209
242
264
273
266
241
199
141
67
-17
-109
-204
-295
-378
-445
-491
-513
-508
-472
-408
-316
-201
-67
76
224
366
495
602
680
724
729
694
620
510
370
206
28
-154
-331
-492
-629
-732
-797
31948
-797
-732
-629
-492
-331
-154
28
206
370
510
620
694
729
724
680
602
495
366
224
76
-67
-201
-316
-408
-472
-508
-513
-491
-445
-378
-295
-204
-109
-17
67
141
199
241
266
273
264
242
209
168
123
77
33
-6
-40
-66
-84
-95
-98
-94
-86
-74
-60
-45
-30
-17
-7
0
4
70
