-19
-20
-19
-19
-18
-17
-16
-15
-14
-12
-10
-8
-7
-7
-8
-13
-20
-30
-42
-56
-70
-84
-98
-111
-123
-132
-137
-136
-127
-111
-87
-58
-27
1
25
41
48
43
28
0
-40
-95
-166
-250
-344
-440
-526
-592
-625
-618
-567
-473
-336
-160
53
307
603
941
1315
1710
2102
2461
2751
2940
3006
2940
2751
2461
2102
1710
1315
941
603
307
53
-160
-336
-473
-567
-618
-625
-592
-526
-440
-344
-250
-166
-95
-40
0
28
43
48
41
25
1
-27
-58
-87
-111
-127
-136
-137
-132
-123
-111
-98
-84
-70
-56
-42
-30
-20
-13
-8
-7
-7
-8
-10
-12
-14
-15
-16
-17
-18
-19
-19
-20
-19
