1728
570
2517
5067
8145
11392
14781
18698
22498
26718
30585
35677
40307
44275
49560
55239
60079
65188
70573
76236
82150
88382
94808
99808
106753
112164
119638
125468
131458
139729
146146
152757
159560
166581
173804
181236
188903
196763
203944
212483
220000
221652
231979
242305
249581
256856
264132
271824
279517
287209
295332
303455
311578
324450
337323
346385
355448
364510
374076
383642
393208
400783
408357
415932
423507
434161
444814
455468
466709
477949
489190
501046
512902
524758
534128
543498
552868
562238
575405
588573
601740
612142
622544
632946
643348
654297
665246
676195
687144
702504
717864
733223
745336
757449
769563
781676
794403
807131
819859
832586
845951
859316
872682
886047
900068
914090
928111
942133
956830
971527
986223
1000920
1016311
1031702
1047093
1062484
1078586
1094688
1110790
1126892
1143717
1160543
1177368
1194194
1208245
1222296
1236347
1250398
1264448
1282778
1301107
1319436
1337765
1359223
1370044
1391871
1402877
1413950
1433772
1453595
1473417
1493239
1509704
1526170
1542635
1559100
1575565
1596906
1618246
1639587
1660928
1678604
1696281
1713957
1731634
1749310
1773159
1795489
1817988
1829304
1840662
1864234
1887806
1911378
1934950
1954381
1973813
1993244
2012675
2032107
2052100
2072094
2092087
2112080
2132074
2152614
2173154
2193695
2214235
2234776
2255836
2276896
2297957
2319017
2340078
2361643
2383209
2404774
2426339
2447905
2469957
2492009
2514061
2536113
2558165
2576924
2595684
2614444
2633204
2651963
2670723
2693659
2716595
2739531
2762468
2785404
2808749
2832095
2855440
2878786
2902131
2921910
2941689
2961468
2981247
3001026
3020805
3044907
3069009
3093111
3117213
3141316
3175969
3193342
3210748
3228180
3263261
3280793
3298359
3333574
3351232
3368915
3386749
3422275
3440067
3457893
3475736
3511622
3529540
3547475
3565427
3601397
3619408
3637569
3655621
3691793
3709904
3728048
3746210
3782725
3800945
3819191
3837453
3874027
3892465
3910794
3929132
3947478
3984203
4002574
4021088
4039484
4076301
4094731
4113169
4131624
4150213
4187199
4205704
4224235
4242773
4279893
4298600
4317180
4335761
4354350
4391529
4410244
4428824
4447405
4465977
4484541
4521661
4540208
4554679
4587679
4604180
4620689
4653706
4670349
4688913
4707485
4726066
4763219
4781800
4800381
4821990
4852986
4868488
4883982
4914944
4930555
4949086
4967616
5004660
5023174
5041688
5060193
5080577
5111783
5127369
5142955
5174093
5194142
5215919
5234315
5248333
5276325
5290292
5324417
5341757
5359071
5376360
5393632
5428100
5445423
5463802
5488280
5500201
5524041
5547873
5571831
5589875
5607919
5625954
5643998
5662034
5680069
5698096
5723635
5749174
5774139
5786604
5811493
5833614
5852715
5870499
5896478
5909430
5935259
5948135
5970353
5992570
6005547
6031409
6044294
6070089
6090373
6110589
6127626
6148229
6158505
6179007
6199399
6214801
6230194
6260963
6276348
6291716
6314911
6330337
6353498
6370368
6388646
6406950
6425389
6446821
6461116
6485166
6494922
6514400
6533820
6543517
6569081
6594645
6605458
6626950
6648265
6666150
6680436
6701684
6717396
6734643
6751747
6768818
6784488
6800057
6815081
6834736
6844534
6864046
6882568
6897348
6912121
6926901
6948594
6963098
6977753
6997290
7005142
7027456
7038663
7061170
7072469
7091276
7106040
7128194
7143604
7159576
7175489
7191453
7206880
7222155
7237288
7259132
7273259
7287184
7303793
7318012
7327348
7344570
7361389
7369644
7388006
7400388
7411897
7423272
7440108
7452154
7464141
7477001
7489366
7500942
7514951
7526377
7538800
7553052
7565920
7578336
7591623
7605347
7620279
7635420
7647919
7662608
7677355
7692169
7704744
7723425
7735865
7752055
7762633
7773035
7787690
7801766
7815247
7827259
7837703
7847627
7857039
7865780
7874059
7885661
7892422
7899753
7906976
7913897
7920926
7927511
7933149
7939817
7946696
7954212
7961561
7968775
7977021
7986316
7991835
8005190
8014669
8027143
8038887
8050321
8061838
8075403
8086987
8097255
8110979
8124577
8134492
8150170
8160371
8171217
8182567
8193514
8204126
8212489
8224502
8232160
8241312
8250146
8258668
8266914
8274171
8282173
8288767
8297021
8305779
8310888
8321482
8329183
8337010
8344954
8353032
8361228
8372259
8380278
8388398
8400318
8406358
8418589
8424780
8431088
8440315
8449635
8468593
8478223
8487954
8497861
8507802
8517835
8527968
8538194
8548520
8558930
8569517
8580128
8590824
8601603
8612483
8634495
8645643
8657137
8668631
8680124
8691618
8703111
8714605
8726098
8738164
8750229
8762294
8774359
8786425
8798490
8810555
8825263
8839971
8854679
8869387
8884095
8898803
8911922
8925040
8938159
8951277
8964396
8977515
8990633
9006506
9022379
9038251
9054124
9069996
9085869
9099936
9114002
9128069
9142135
9156202
9170268
9184335
9201259
9218183
9235107
9252031
9268955
9285879
9300802
9315725
9330649
9345572
9360495
9375419
9390342
9408217
9426091
9443966
9461841
9479716
9497590
9513290
9528990
9544690
9560390
9576090
9591790
9607490
9626224
9644959
9663693
9682428
9701162
9719897
9739033
9758168
9777304
9796440
9815576
9834712
9851436
9868161
9884885
9901610
9918334
9935059
9951783
9971656
9991528
10011401
10031274
10051146
10071019
10088341
10105664
10122986
10140309
10157631
10174954
10192276
10212807
10233338
10253870
10274401
10294932
10315463
10336296
10357129
10377962
10398795
10419628
10440462
10458561
10476660
10494759
10512858
10530957
10549056
10567155
10588534
10609914
10631294
10652674
10674053
10695433
10717059
10738685
10760311
10781937
10803562
10825188
10847042
10868896
10890749
10912603
10934457
10956311
10978373
11000435
11022497
11044559
11066621
11088683
11107757
11126832
11145906
11164981
11184055
11203130
11222204
11244633
11267061
11289489
11311918
11334346
11356774
11379355
11401936
11424517
11447097
11469678
11492259
11514975
11537691
11560408
11583124
11605840
11628557
11651391
11674224
11697058
11719892
11742726
11765560
11788491
11811423
11834355
11857286
11880218
11903150
11926158
11949167
11972175
11995184
12018192
12041201
12064268
12087335
12110403
12133470
12156537
12179605
12202710
12225815
12248920
12272025
12295130
12318235
12345986
12373737
12401488
12429239
12456991
12480111
12503231
12526352
12549472
12572593
12595713
12618808
12641903
12664999
12688094
12711189
12734284
12757334
12780383
12803432
12826481
12849530
12872579
12900156
12927732
12955309
12982886
13010463
13033349
13056236
13079123
13102010
13124897
13147784
13170552
13193320
13216088
13238856
13261624
13284393
13311545
13338697
13365849
13393002
13420154
13442614
13465075
13487535
13509996
13532456
13554917
13581633
13608349
13635065
13661781
13688497
13710532
13732568
13754603
13776639
13798674
13820710
13846852
13872994
13899137
13925279
13951421
13977230
14003038
14028846
14054655
14080463
14105892
14131322
14156751
14182180
14207609
14228444
14249278
14270113
14290947
14311782
14332616
14357163
14381710
14406256
14430803
14455350
14479405
14503460
14527515
14551571
14575626
14599136
14622646
14646156
14669665
14693175
14716083
14738991
14761898
14784806
14807713
14829990
14852267
14874544
14896821
14919097
14940715
14962332
14983950
15005567
15027185
15051023
15074862
15098701
15122540
15146378
15160899
15189697
15203975
15232286
15251612
15270937
15290263
15309589
15328914
15358409
15379682
15390235
15411182
15421583
15443727
15465871
15488015
15510159
15534611
15546699
15570607
15582435
15594162
15614112
15634063
15654013
15673963
15695950
15706830
15728321
15738950
15749494
15769847
15790200
15810553
15830906
15840670
15859938
15869434
15888175
15903951
15919728
15935505
15951282
15959964
15977119
15993988
16010581
16023297
16036012
16048727
16061443
16074158
16089275
16104089
16111387
16125782
16139850
16153640
16167213
16173874
16187044
16199987
16212747
16225271
16237560
16243617
16255612
16267323
16278782
16289972
16300944
16311631
16322084
16332335
16337359
16347283
16357031
16368716
16377524
16386181
16394687
16404225
16412605
16420776
16431236
16438450
16448903
16455630
16463298
16468968
16477281
16484210
16492163
16499872
16502380
16511498
16518042
16523914
16528351
16534508
16539164
16543828
16548056
16551965
16555195
16558248
16561285
16563709
16567216
16569472
16572752
16574866
16577953
16579949
16582877
16585704
16587541
16590242
16592868
16595426
16597333
16599240
16601148
16603857
16606567
16608790
16610962
16613101
16615870
16617908
16619896
16621851
16624384
16626238
16628654
16631011
16632739
16633871
16636602
16639332
16641413
16643434
16645884
16647788
16650112
16652352
16654516
16656588
16658593
16660900
16663483
16665580
16668181
16670614
16673197
16675747
16678868
