0
469065
936328
1400027
1858481
2310124
2753533
3187447
3610785
4022651
4422332
4809291
5183161
5543724
5890901
6224731
6545353
6852992
7147941
7430547
7701197
7960307
8208315
8445668
8672818
8890217
9098310
9297535
9488316
9671064
9846176
10014033
10174998
10329418
10477623
10619929
10756631
10888014
11014343
11135872
11252838
11365469
11473977
11578562
11679416
11776716
11870633
11961326
12048945
12133634
12215526
12294749
12371422
12445660
12517570
12587253
12654806
12720319
12783879
12845568
12905463
12963638
13020162
13075102
13128520
13180477
13231029
13280229
13328131
13374782
13420230
13464517
13507688
13549783
13590839
13630893
13669982
13708137
13745392
13781777
13817321
13852053
13885998
13919184
13951634
13983372
14014421
14044802
14074537
14103645
14132145
14160056
14187396
14214181
14240428
14266153
14291371
14316096
14340343
14364125
14387455
14410345
14432808
14454855
14476498
14497747
14518613
14539107
14559237
14579013
14598444
14617540
14636308
14654757
14672895
14690730
14708268
14725518
14742486
14759179
14775603
14791765
14807672
14823328
14838740
14853913
14868854
14883566
14898055
14912327
14926386
14940236
14953883
14967330
14980583
14993644
15006519
15019211
15031723
15044061
15056227
15068224
15080057
15091729
15103242
15114600
15125807
15136865
15147776
15158545
15169173
15179664
15190020
15200243
15210336
15220302
15230143
15239861
15249458
15258937
15268301
15277550
15286687
15295714
15304633
15313446
15322155
15330761
15339267
15347674
15355984
15364199
15372319
15380347
15388285
15396133
15403894
15411568
15419158
15426664
15434088
15441431
15448695
15455880
15462989
15470022
15476981
15483866
15490679
15497421
15504093
15510696
15517231
15523700
15530102
15536440
15542714
15548926
15555075
15561163
15567191
15573160
15579071
15584924
15590721
15596461
15602147
15607778
15613356
15618881
15624354
15629776
15635147
15640468
15645740
15650964
15656140
15661269
15666351
15671387
15676378
15681324
15686226
15691085
15695900
15700674
15705405
15710095
15714745
15719354
15723924
15728454
15732946
15737399
15741815
15746194
15750535
15754841
15759111
15763345
15767544
15771709
15775840
15779936
15784000
15788031
15792029
15795995
15799930
15803833
15807705
15811546
15815358
15819139
15822891
15826614
15830308
15833973
15837610
15841219
15844801
15848355
15851883
15855384
15858858
15862307
15865730
15869127
15872499
15875846
15879169
15882467
15885742
15888992
15892219
15895422
15898603
15901761
15904896
15908008
15911099
15914168
15917215
15920241
15923246
15926229
15929192
15932135
15935057
15937959
15940841
15943704
15946547
15949370
15952175
15954961
15957727
15960476
15963206
15965918
15968612
15971288
15973947
15976588
15979212
15981818
15984408
15986981
15989538
15992078
15994601
15997109
15999600
16002076
16004536
16006980
16009409
16011823
16014222
16016606
16018974
16021329
16023668
16025994
16028305
16030601
16032884
16035153
16037408
16039650
16041878
16044092
16046294
16048482
16050657
16052819
16054968
16057105
16059229
16061341
16063440
16065527
16067602
16069665
16071715
16073754
16075782
16077797
16079801
16081794
16083775
16085746
16087705
16089652
16091589
16093515
16095431
16097335
16099229
16101113
16102986
16104849
16106701
16108543
16110376
16112198
16114010
16115813
16117605
16119388
16121162
16122926
16124680
16126425
16128161
16129888
16131605
16133313
16135013
16136703
16138385
16140057
16141721
16143377
16145024
16146662
16148292
16149913
16151526
16153131
16154727
16156316
16157896
16159469
16161033
16162589
16164138
16165679
16167212
16168738
16170256
16171766
16173269
16174764
16176252
16177733
16179207
16180673
16182132
16183584
16185029
16186467
16187898
16189322
16190739
16192149
16193553
16194950
16196340
16197724
16199101
16200471
16201835
16203193
16204544
16205889
16207228
16208560
16209886
16211206
16212520
16213828
16215129
16216425
16217715
16218999
16220277
16221549
16222815
16224076
16225331
16226580
16227824
16229062
16230294
16231521
16232742
16233958
16235169
16236374
16237574
16238768
16239957
16241141
16242320
16243494
16244662
16245826
16246984
16248137
16249286
16250429
16251567
16252701
16253830
16254953
16256072
16257186
16258296
16259401
16260501
16261596
16262687
16263773
16264854
16265931
16267004
16268072
16269135
16270194
16271249
16272300
16273346
16274387
16275425
16276458
16277487
16278511
16279532
16280548
16281560
16282568
16283572
16284572
16285568
16286560
16287547
16288531
16289511
16290487
16291459
16292428
16293392
16294353
16295309
16296262
16297212
16298157
16299099
16300037
16300971
16301902
16302829
16303753
16304673
16305589
16306502
16307411
16308317
16309219
16310118
16311013
16311905
16312794
16313679
16314561
16315439
16316315
16317186
16318055
16318920
16319782
16320641
16321497
16322349
16323198
16324044
16324887
16325727
16326563
16327397
16328228
16329055
16329879
16330701
16331519
16332334
16333147
16333956
16334763
16335566
16336367
16337164
16337959
16338751
16339540
16340327
16341110
16341891
16342669
16343444
16344216
16344986
16345753
16346517
16347278
16348037
16348793
16349547
16350298
16351046
16351791
16352534
16353275
16354013
16354748
16355480
16356211
16356938
16357663
16358386
16359106
16359824
16360539
16361252
16361962
16362670
16363376
16364079
16364779
16365478
16366174
16366867
16367559
16368248
16368934
16369619
16370301
16370981
16371658
16372333
16373006
16373677
16374346
16375012
16375676
16376338
16376998
16377656
16378311
16378965
16379616
16380265
16380912
16381557
16382199
16382840
16383479
16384115
16384750
16385382
16386013
16386641
16387267
16387892
16388514
16389134
16389753
16390369
16390984
16391596
16392207
16392816
16393422
16394027
16394630
16395231
16395830
16396427
16397023
16397616
16398208
16398798
16399386
16399972
16400557
16401139
16401720
16402299
16402876
16403452
16404025
16404597
16405167
16405736
16406302
16406867
16407431
16407992
16408552
16409110
16409667
16410221
16410775
16411326
16411876
16412424
16412970
16413515
16414058
16414600
16415140
16415678
16416215
16416750
16417284
16417816
16418347
16418875
16419403
16419929
16420453
16420976
16421497
16422016
16422535
16423051
16423566
16424080
16424592
16425103
16425612
16426120
16426626
16427131
16427634
16428136
16428637
16429136
16429633
16430129
16430624
16431118
16431610
16432100
16432589
16433077
16433564
16434049
16434532
16435015
16435496
16435975
16436454
16436930
16437406
16437880
16438353
16438825
16439295
16439764
16440232
16440698
16441164
16441627
16442090
16442551
16443011
16443470
16443928
16444384
16444839
16445293
16445745
16446196
16446647
16447095
16447543
16447989
16448435
16448879
16449322
16449763
16450204
16450643
16451081
16451518
16451954
16452388
16452822
16453254
16453685
16454115
16454544
16454971
16455398
16455823
16456248
16456671
16457093
16457514
16457934
16458353
16458770
16459187
16459602
16460017
16460430
16460842
16461253
16461663
16462072
16462480
16462887
16463293
16463698
16464102
16464505
16464906
16465307
16465707
16466105
16466503
16466900
16467295
16467690
16468083
16468476
16468867
16469258
16469648
16470036
16470424
16470811
16471196
16471581
16471965
16472347
16472729
16473110
16473490
16473869
16474247
16474624
16475000
16475376
16475750
16476123
16476496
16476867
16477238
16477608
16477976
16478344
16478711
16479077
16479442
16479807
16480170
16480533
16480894
16481255
16481615
16481974
16482332
16482689
16483046
16483401
16483756
16484110
16484463
16484815
16485166
16485516
16485866
16486215
16486563
16486910
16487256
16487601
16487946
16488290
16488633
16488975
16489316
16489657
16489997
16490335
16490674
16491011
16491347
16491683
16492018
16492352
16492686
16493018
16493350
16493681
16494012
16494341
16494670
16494998
16495325
16495652
16495977
16496302
16496627
16496950
16497273
16497595
16497916
16498237
16498556
16498875
16499194
16499511
16499828
16500144
16500460
16500775
16501089
16501402
16501714
16502026
16502337
16502648
16502958
16503267
16503575
16503883
16504190
16504496
16504802
16505107
16505411
16505714
16506017
16506319
16506621
16506922
16507222
16507522
16507820
16508119
16508416
16508713
16509009
16509305
16509600
16509894
16510188
16510481
16510773
16511065
16511356
16511646
16511936
16512225
16512514
16512802
16513089
16513376
16513662
16513947
16514232
16514516
16514800
16515083
16515365
16515647
16515928
16516209
16516488
16516768
16517047
16517325
16517602
16517879
16518156
16518431
16518707
16518981
16519255
16519529
16519801
16520074
16520345
16520617
16520887
16521157
16521427
16521695
16521964
16522232
16522499
16522765
16523031
16523297
16523562
16523826
16524090
16524353
16524616
16524878
16525140
16525401
16525662
16525922
16526181
16526440
16526699
16526957
16527214
16527471
16527727
16527983
16528238
16528493
16528747
16529001
16529254
16529507
16529759
16530011
16530262
16530512
16530762
16531012
16531261
16531510
16531758
16532005
16532252
16532499
16532745
16532991
16533236
16533481
16533725
16533968
16534212
16534454
16534696
16534938
16535179
16535420
16535660
16535900
16536139
16536378
16536617
16536855
16537092
16537329
16537565
16537801
16538037
16538272
16538507
16538741
16538975
16539208
16539441
16539673
